101011000
101100000
111100001
100100001
111100001
100100001
111100001
100100001
111100001
100100001
000011001
101101000
101110000
111110010
101110001
011101110
101110000
111110010
100110111
101110001
011101110
101110000
111110010
100110110
101110001
011101110
000011000
101110000
111110010
100110001
101110001
011101110
101110000
111110010
100110010
101110001
011101110
101110000
111110010
100110011
101110001
011101110
101110000
111110010
100110100
101110001
011101110
000011001
101110000
111110010
100110101
000011000
101111000
111111010
100111011
101111111
100111010
111110111
000011000
101111000
111111010
100111100
101111001
100111001
111110111
111110101
101010000
111010110
001100001
000011000
101110000
111110010
100110111
101110111
100110101
101101000
101111000
000011001
111111010
100111110
101111001
011101111
101111000
000011001
111111010
100111111
101111001
011101111
101111000
000011001
111111010
101111001
011101111
101111000
000011000
111111010
100111001
101111001
011101111
101111000
000011000
111111010
100111101
101111001
011101111
101111000
000011000
111111010
100111110
101111001
011101111
101111000
000011000
111111010
100111111
101111001
011101111
100101100
111110101
101111000
000011000
111111010
101111001
100111011
111110111
101101000
101111000
000011001
111111010
100111110
101111001
011101111
101111000
000011001
111111010
100111111
101111001
011101111
101111000
000011000
111111010
100111010
101111001
011101111
101111000
000011000
111111010
100111011
101111001
011101111
101111000
000011000
111111010
100111101
101111001
011101111
101111000
000011000
111111010
100111110
101111001
011101111
101111000
000011000
111111010
101111001
011101111
100101010
111110101
101101000
101111000
000011001
111111010
100111110
101111001
011101111
101111000
000011001
111111010
101111001
011101111
101111000
000011000
111111010
100111010
101111001
011101111
101111000
000011000
111111010
100111100
101111001
011101111
101111000
000011000
111111010
100111101
101111001
011101111
101111000
000011000
111111010
100111111
101111001
011101111
101111000
000011000
111111010
101111001
011101111
100101001
111110101
101101000
101111000
000011001
111111010
100111110
101111001
011101111
101111000
000011001
111111010
100111111
101111001
011101111
101111000
000011001
111111010
101111001
011101111
101111000
000011000
111111010
100111001
101111001
011101111
101111000
000011000
111111010
100111010
101111001
011101111
101111000
000011000
111111010
100111011
101111001
011101111
101111000
000011000
111111010
100111100
101111001
011101111
101111000
000011000
111111010
100111101
101111001
011101111
101111000
000011000
111111010
100111110
101111001
011101111
101111000
000011000
111111010
100111111
101111001
011101111
101111000
000011000
111111010
101111001
011101111
000100001
101010001
011101010
101111000
111111101
100111100
011101111
101111000
111111101
100111110
011101111
101111000
111111101
100111111
011101111
111110101
101010000
111010110
001100000
