101011000
101100000
111100001
100100001
111100001
100100001
111100001
100100001
111100001
100100001
101000000
101010000
101101000
101110000
101111000
000100001
100010001
101010001
011000010
000100001
100010010
101010001
011000010
000100001
100010011
101010001
011000010
000100001
100010100
101010001
011000010
000100001
100010101
101010001
011000010
000100001
100010110
101010001
011000010
000100001
100010111
101010001
011000010
111101000
100101001
101000000
000100001
100010001
101010001
011000010
000100001
100010010
101010001
011000010
000100001
100010011
101010001
011000010
000100001
100010100
101010001
011000010
000100000
100010001
101010001
011000010
000100000
100010010
101010001
011000010
000100000
100010011
101010001
011000010
111101000
100101001
101000000
000100001
100010001
101010001
011000010
000100001
100010010
101010001
011000010
000100001
100010101
101010001
011000010
000100001
100010110
101010001
011000010
000100000
100010001
101010001
011000010
000100000
100010010
101010001
011000010
000100000
100010101
101010001
011000010
111101000
100101001
101000000
000100001
100010001
101010001
011000010
000100001
100010011
101010001
011000010
000100001
100010101
101010001
011000010
000100001
100010111
101010001
011000010
000100000
100010001
101010001
011000010
000100000
100010011
101010001
011000010
000100000
100010101
101010001
011000010
111101000
100101001
101000000
000100001
100010001
101010001
011000010
000100001
100010010
101010001
011000010
000100001
100010011
101010001
011000010
000100001
100010100
101010001
011000010
000100001
100010101
101010001
011000010
000100001
100010110
101010001
011000010
000100001
100010111
101010001
011000010
000100001
101010001
011000010
000100000
100010001
101010001
011000010
000100000
100010010
101010001
011000010
000100000
100010011
101010001
011000010
000100000
100010100
101010001
011000010
000100000
100010101
101010001
011000010
000100000
100010110
101010001
011000010
000100000
100010111
101010001
011000010
111101000
101010000
111010101
101000000
111000001
100000001
111000001
100000001
111000001
100000001
111000001
100000010
001000000
101101000
000100001
101010001
111101010
100101001
000100000
100010100
101010001
111101010
100101001
000100000
100010110
101010001
111101010
100101001
000100000
100010111
101010001
111101010
100101001
000100000
101010001
111101010
000000000
011101010
101110000
101111000
111111101
100111111
101111001
110110111
101111000
111111101
100111110
101111001
110110111
101111000
111111101
100111101
101111001
110110111
101111000
111111101
100111100
101111001
110110111
101111000
111111101
101111001
110110111
011110111
100110001
111110111
100110110
101010000
111010110
001000001
100101111
000100000
101110000
101111000
111111001
100111001
111111001
101000000
111000101
011000111
101000001
110110000
101000000
111000101
011000111
100000111
101000001
110110000
101000000
111000101
011000111
100000110
101000001
110110000
101000000
111000101
011000111
100000101
101000001
110110000
011110001
100110011
011010110
001100000
000100000
101110000
101111000
111111001
100111010
111111001
101000000
111000101
011000111
101000001
110110000
101000000
111000101
011000111
100000111
101000001
110110000
101000000
111000101
011000111
100000110
101000001
110110000
101000000
111000101
011000111
100000101
101000001
110110000
011110001
100110101
011010110
001100000
000100000
101110000
101111000
111111001
100111001
111111001
100111001
101000000
111000101
011000111
101000001
110110000
101000000
111000101
011000111
100000111
101000001
110110000
101000000
111000101
011000111
100000110
101000001
110110000
101000000
111000101
011000111
100000101
101000001
110110000
011110001
100110110
011010110
001100000
000100000
101110000
101111000
111111001
100111001
111111001
100111001
111111001
101000000
111000101
011000111
101000001
110110000
101000000
111000101
011000111
100000111
101000001
110110000
101000000
111000101
011000111
100000110
101000001
110110000
101000000
111000101
011000111
100000101
101000001
110110000
011110001
100110111
011010110
001100000
000100001
101110000
101111000
111111001
100111011
111111001
101000000
111000101
011000111
101000001
110110000
101000000
111000101
011000111
100000111
101000001
110110000
101000000
111000101
011000111
100000110
101000001
110110000
101000000
111000101
011000111
100000101
101000001
110110000
011110001
100110001
011010110
001100001
000100001
101110000
101111000
111111001
100111010
111111001
100111001
101000000
111000101
011000111
101000001
110110000
101000000
111000101
011000111
100000111
101000001
110110000
101000000
111000101
011000111
100000110
101000001
110110000
101000000
111000101
011000111
100000101
101000001
110110000
011110001
100110010
011010110
001100001
000100001
101110000
101111000
111111001
100111010
111111001
100111001
111111001
101000000
111000101
011000111
101000001
110110000
101000000
111000101
011000111
100000111
101000001
110110000
101000000
111000101
011000111
100000110
101000001
110110000
101000000
111000101
011000111
100000101
101000001
110110000
011110001
100110011
011010110
001100001
000100001
101110000
101111000
111111001
100111001
111111001
100111010
101000000
111000101
011000111
101000001
110110000
101000000
111000101
011000111
100000111
101000001
110110000
101000000
111000101
011000111
100000110
101000001
110110000
101000000
111000101
011000111
100000101
101000001
110110000
011110001
100110100
011010110
001100001
000100001
101110000
101111000
111111001
100111001
111111001
100111010
111111001
101000000
111000101
011000111
101000001
110110000
101000000
111000101
011000111
100000111
101000001
110110000
101000000
111000101
011000111
100000110
101000001
110110000
101000000
111000101
011000111
100000101
101000001
110110000
011110001
100110101
011010110
001100001
000100001
101110000
101111000
111111001
100111001
111111001
100111001
111111001
100111001
101000000
111000101
011000111
101000001
110110000
101000000
111000101
011000111
100000111
101000001
110110000
101000000
111000101
011000111
100000110
101000001
110110000
101000000
111000101
011000111
100000101
101000001
110110000
011110001
100110110
011010110
001100001
000100001
101110000
101111000
111111001
100111001
111111001
100111001
111111001
100111001
111111001
101000000
111000101
011000111
101000001
110110000
101000000
111000101
011000111
100000111
101000001
110110000
101000000
111000101
011000111
100000110
101000001
110110000
101000000
111000101
011000111
100000101
101000001
110110000
011110001
100110111
011010110
001100001
101000000
111000001
100000001
111000001
100000001
111000001
100000001
111000001
100000010
000000001
101110000
111110010
000100001
100010011
101010111
111010110
001011001
000100001
101110000
111110010
100110110
101110111
100110001
000100001
100010111
101010001
111110010
100110011
000100000
100010011
101010111
111110010
100110001
000100000
100010101
101010001
111010110
001011000
111011001
111011001
111100001
111100001
101110000
111110001
100110001
111110001
100110001
111110001
100110001
111110001
100110001
101111000
111111001
100111010
111111001
100111001
011110011
010110111
