101000000
101010000
101101000
111101001
100101101
001101010
101011000
101110000
101111000
101010000
111010000
101101000
111101001
100101101
001101100
101010000
101101000
111101001
100101101
000101000
101100000
111100010
000011000
011010100
101111000
100010001
101110000
111110010
101110001
110111110
100010001
101110000
111110010
101110001
110111110
100010001
101110000
111110010
101110001
110111110
100010001
101110000
111110010
101110001
110111110
100010001
101110000
111110010
101110001
110111110
011111001
111000111
000011000
100010001
011010100
101111000
100010001
101110000
111110010
101110001
110111110
100010001
101110000
111110010
101110001
110111110
100010001
101110000
111110010
101110001
110111110
100010001
101110000
111110010
101110001
110111110
100010001
101110000
111110010
101110001
110111110
011111001
111000111
000011000
100010010
011010100
101111000
100010001
101110000
111110010
101110001
110111110
100010001
101110000
111110010
101110001
110111110
100010001
101110000
111110010
101110001
110111110
100010001
101110000
111110010
101110001
110111110
100010001
101110000
111110010
101110001
110111110
011111001
111000111
000011000
100010011
011010100
101111000
100010001
101110000
111110010
101110001
110111110
100010001
101110000
111110010
101110001
110111110
100010001
101110000
111110010
101110001
110111110
100010001
101110000
111110010
101110001
110111110
100010001
101110000
111110010
101110001
110111110
011111001
111000111
101101000
111101001
100101101
000101100
011010000
101101000
101110000
111110010
101110001
110101110
101110000
111110010
100110001
101110001
110101110
101110000
111110010
100110010
101110001
110101110
101110000
111110010
100110011
101110001
110101110
101110000
111110010
100110100
101110001
110101110
101110000
111110010
100110101
101110001
110101110
101110000
111110010
100110110
101110001
110101110
101110000
111110010
100110111
101110001
110101110
101110000
111110101
101101000
111101001
100101101
000101010
111010110
101101000
111101001
100101101
001101010
101101000
111101001
100101101
101010000
111010000
001101001
111011001
101110000
111110001
111110001
111110001
111110001
111110001
111110001
111110001
011101011
010101110
101000000
101010000
101011000
101100000
101101000
101110000
101111000
101101000
111101001
100101001
111101001
100101001
111101001
100101001
111101001
100101001
111101001
000101001
101100000
111100010
000011000
101110000
111110010
100110001
101111000
111111110
101111001
011110111
000011001
100010001
101010001
111010110
100010011
011010100
101111000
100010001
101110000
111110010
101110001
110111110
100010001
101110000
111110010
101110001
110111110
100010001
101110000
111110010
101110001
110111110
100010001
101110000
111110010
101110001
110111110
100010001
101110000
111110010
101110001
110111110
011111001
111000111
000011000
101110000
111110010
100110010
101111000
111111110
101111011
011110111
000011001
100010010
101010011
111010110
100010011
011010100
101111000
100010001
101110000
111110010
101110001
110111110
100010001
101110000
111110010
101110001
110111110
100010001
101110000
111110010
101110001
110111110
100010001
101110000
111110010
101110001
110111110
100010001
101110000
111110010
101110001
110111110
011111001
111000111
000011000
101110000
111110010
100110011
101111000
111111110
101111111
011110111
000011001
100010011
101010111
111010110
100010011
011010100
101111000
100010001
101110000
111110010
101110001
110111110
100010001
101110000
111110010
101110001
110111110
100010001
101110000
111110010
101110001
110111110
100010001
101110000
111110010
101110001
110111110
100010001
101110000
111110010
101110001
110111110
011111001
111000111
000011001
101110000
111110010
101111000
111111110
101111001
011110111
000011000
101010001
111010110
100010111
011010100
101111000
100010001
101110000
111110010
101110001
110111110
100010001
101110000
111110010
101110001
110111110
100010001
101110000
111110010
101110001
110111110
100010001
101110000
111110010
101110001
110111110
100010001
101110000
111110010
101110001
110111110
011111001
111000111
101010000
111010000
001101100
111011001
101101000
111101001
100101001
111101001
100101001
111101001
100101001
111101001
100101001
111101001
101110000
111110001
100110001
111110001
100110001
111110001
100110101
111110001
011101011
010101110
101101000
111101001
100101101
000101001
101110000
111110010
000101011
111010110
001101011
